dxinxi
4//装姥Z00																																																																																																																		
	4	,	2	,	12	,	3	,	3	,	4	,	12	,	5	,	3	,	6	,	1				//好似1																																																																																									
	5	,	0	,	8	,	1	,	8	,	2	,	3	,	3	,	2				//好似2																																																																																													
	6	,	2	,	15	,	3	,	10	,	4	,	5	,	5	,	2				//好似3																																																																																													
	12	,	0	,	15	,	1	,	10	,	2	,	5	,	3	,	2				//們薦好似																																																																																													
6//孕堝Z01																																																																																																																		
	4	,	3	,	20	,	5	,	10	,	6	,	5	,	8	,	20	,	9	,	1		//好似1																																																																																											
	5	,	3	,	15	,	4	,	10	,	5	,	10	,	6	,	10	,	7	,	10	,	8	,	10	,	9	,	10	,	10	,	10	,	11	,	10	,	12	,	10	,	13	,	10	,	14	,	10	,	15	,	2	,	16	,	1		//好似2																																																							
	6	,	0	,	5	,	1	,	6	,	2	,	7	,	3	,	8	,	4	,	20	,	5	,	8	,	6	,	8	,	7	,	25	,	8	,	10	,	9	,	6									//好似3																																																																
	8	,	0	,	12	,	1	,	12	,	2	,	12	,	3	,	12	,	4	,	12	,	5	,	12			//室嬬好似隔偬																																																																																						
	9	,	0	,	10	,	1	,	8	,	2	,	6	,	3	,	4	,	4	,	2	,	5	,	1				//室嬬辺硫																																																																																					
	11	,	1	,	10	,	2	,	10	,	3	,	10	,	4	,	10	,	5	,	10	,	6	,	10	,	7	,	10	,	8	,	10	,	9	,	10	,	10	,	10	,	11	,	10	,	12	,	10	,	13	,	10	,	14	,	10	,	15	,	10	,	16	,	10	,	17	,	10	,	18	,	10	,	19	,	10	,	20	,	10	,	21	,	10	,	22	,	10	,	23	,	5	,	24	,	3	,	25	,	2	,	26	,	1		//們薦好似							
3//柾賓𡚴Z02																																																																																																																		
	5	,	7	,	-6	,	8	,	-2				//膿薦好似																																																																																																					
	7	,	1	,	-2	,	2	,	-1				//室嬬好似1																																																																																																					
	8	,	4	,	-6	,	5	,	-2				//室嬬好似2																																																																																																					
6//巓茲Z03																																																																																																																		
	4	,	1	,	20	,	2	,	5	,	3	,	2				//好似1																																																																																																	
	5	,	1	,	20	,	2	,	5	,	3	,	2	,	4	,	1	,			//好似2																																																																																													
	6	,	0	,	-10	,	1	,	40	,	2	,	30	,	3	,	20	,	4	,	20	,	5	,	8	,	6	,	4	,	7	,	2	,	8	,	1		//好似3																																																																											
	7	,	1	,	3	,	2	,	3	,	3	,	3	,	4	,	3	,	5	,	10	,	6	,	5	,	7	,	2	,	8	,	1		//好似3																																																																															
	8	,	1	,	2	,	2	,	2	,	3	,	2	,	4	,	2	,	5	,	2	,	6	,	2	,	7	,	2	,	8	,	2	,	9	,	2	,	10	,	2	,	11	,	2	,	12	,	2	,	13	,	2	,	14	,	2	,	15	,	2	,	16	,	2	,	17	,	2	,	18	,	2	,	19	,	2		//們薦彈姥																																			
	9	,	0	,	5	,	1	,	10	,	2	,	5	,	3	,	2	,	4	,	1		//們薦好似																																																																																											
2//弌杷Z04																																																																																																																		
	4	,	1	,	0	,	2	,	0	,	3	,	0				//好似1																																																																																																	
	5	,	1	,	0	,	2	,	0	,	3	,	0	,	4	,	0	,			//好似2																																																																																													
2//望瀧棆Z05																																																																																																																		
	4	,	4	,	2	,	5	,	2	,	6	,	1				//好似1																																																																																																	
	7	,	0	,	10	,	1	,	5	,	2	,	2	,	3	,	1	,			//好似2																																																																																													
1//寐磁Z06																																																																																																																		
	4	,	1	,	0	,	2	,	0	,	3	,	0				//好似1																																																																																																	
5//蝦荷Z07																																																																																																																		
	4	,	4	,	20	,	5	,	10	,	6	,	5	,	7	,	1				//好似1																																																																																													
	5	,	4	,	20	,	5	,	10	,	6	,	5	,	7	,	1				//好似2																																																																																													
	6	,	2	,	8	,	3	,	2		//好似3																																																																																																							
	9	,	0	,	0	,	1	,	0		//室嬬辺硫																																																																																																							
	11	,	0	,	10	,	1	,	5	,	2	,	2	,	7	,	10	,	8	,	5	,	9	,	2	,	14	,	20	,	15	,	15	,	16	,	10	,	17	,	10	,	18	,	10	,	19	,	5	,	20	,	2	,	21	,	2		//們薦好似																																																							
