edxinxi
2//弌偽汚E01																																																																																															
	4	,	5	,	8	,	6	,	2									,//噸宥好似																																																																													
	5	,	2	,	15	,	3	,	10	,	4	,	5	,	5	,	5	,	6	,	5	,	7	,	3	,	8	,	3	,	9	,	3	,	10	,	2	,	11	,	1	,//柳軟好似																																																					
2//広収汚E02																																																																																															
	4	,	8	,	-3	,	9	,	-1									,//噸宥符似1																																																																													
	5	,	8	,	-3	,	9	,	-1									,//噸宥符似2																																																																													
1//収満E03																																																																																															
	4	,	4	,	0													,//噸宥符似1																																																																													
1//誘墳概E04																																																																																															
	4	,	4	,	0													,//噸宥符似1																																																																													
1//憾徨汚E05																																																																																															
	4	,	8	,	10													,//噸宥符似1																																																																													
1//楠汚E06																																																																																															
	4	,	4	,	3	,	5	,	3	,	6	,	3	,	7	,	3	,	8	,	4	,	9	,	5	,	10	,	6	,	11	,	7	,	12	,	8	,	13	,	9	,	14	,	10	,	15	,	10	,	16	,	10	,	17	,	10	,	18	,	10	,	19	,	10	,	20	,	10	,	21	,	10	,	22	,	10	,	23	,	10	,	24	,	10	,	25	,	10	,	26	,	10	,	27
1//脹平E07																																																																																															
	4	,	15	,	5													,//噸宥符似1																																																																													
1//誘墳概E08																																																																																															
	4	,	4	,	0													,//噸宥符似1																																																																													
1//誘墳概E09																																																																																															
	4	,	4	,	0													,//噸宥符似1																																																																													
4//巓茲B03																																																																																															
	4	,	1	,	5	,	2	,	3	,	3	,	2				//好似1																																																																														
	5	,	1	,	10	,	2	,	5	,	3	,	2	,	4	,	1	,			//好似2																																																																										
	6	,	1	,	30	,	2	,	25	,	3	,	20	,	4	,	20	,	5	,	20	,	6	,	20	,	7	,	20	,	8	,	20	,	9	,	20	,	10	,	15	,	11	,	15	,	12	,	10	,	13	,	6	,	14	,	4	,	15	,	2		//好似3																																
	7	,	1	,	3	,	2	,	3	,	3	,	3	,	4	,	3	,	5	,	10	,	6	,	5	,	7	,	2	,	8	,	1		//好似4																																																												
1//弌杷B04																																																																																															
	4	,	1	,	0	,	2	,	0	,	3	,	0				//好似1																																																																														
2//望瀧棆B05																																																																																															
	4	,	4	,	2	,	5	,	2	,	6	,	1				//好似1																																																																														
	7	,	0	,	10	,	1	,	5	,	2	,	2	,	3	,	1	,			//好似2																																																																										
1//寐磁B06																																																																																															
	4	,	1	,	0	,	2	,	0	,	3	,	0				//好似1																																																																																																																															
5//蝦荷B07																																																																																															
	4	,	4	,	20	,	5	,	10	,	6	,	5	,	7	,	2		//好似1																																																																												
	5	,	4	,	20	,	5	,	10	,	6	,	5	,	7	,	2		//好似2																																																																												
	6	,	9	,	20	,	10	,	10		//好似3																																																																																				
	9	,	0	,	10	,	1	,	5		//室嬬朔																																																																																				
	11	,	7	,	20	,	8	,	15	,	9	,	10	,	10	,	10	,	11	,	5	,	12	,	5	,	13	,	5	,	14	,	3	,	15	,	3	,	16	,	2	,	17	,	2		//垓殻好似																																																
