xinxi
3//小刀兵E01																																																																																																																																																																																																																																			
	0	,	1	,	4	,	0	,	0	,	0	,	0	,	0	,	0	,	100	,	10	,	0	,	-1	,	0	//普通攻击																																																																																																																																																																																																							
	1	,	1	,	5	,	0	,	1	,	2	,	0	,	0	,	0	,	120	,	20	,	0	,	-1	,	0	//跳起攻击																																																																																																																																																																																																							
	2	,	2	,	4	,	0	,	0	,	0	,	0	,	0	,	0	,	80	,	10	,	0	,	-1	,	0	,	5	,	0	,	1	,	2	,	0	,	0	,	0	,	120	,	20	,	0	,	-1	,	0	//跳起攻击																																																																																																																																																																															
2//弓箭兵E02																																																																																																																																																																																																																																			
	0	,	1	,	4	,	0	,	0	,	0	,	0	,	0	,	0	,	100	,	10	,	0	,	-1	,	0	//普通攻击																																																																																																																																																																																																							
	1	,	1	,	5	,	0	,	0	,	0	,	0	,	0	,	0	,	100	,	10	,	0	,	-1	,	0	//普通攻击																																																																																																																																																																																																							
1//箭塔E03																																																																																																																																																																																																																																			
	0	,	1	,	4	,	0	,	0	,	0	,	0	,	0	,	1	,	100	,	10	,	0	,	-1	,	0	//普通攻击																																																																																																																																																																																																							
1//投石车E04																																																																																																																																																																																																																																			
	0	,	1	,	4	,	0	,	0	,	0	,	0	,	1	,	0	,	80	,	10	,	0	,	-1	,	0	//普通攻击																																																																																																																																																																																																							
1//锤子E05																																																																																																																																																																																																																																			
	0	,	1	,	4	,	0	,	1	,	1	,	0	,	1	,	1	,	60	,	10	,	0	,	-1	,	0	//普通攻击																																																																																																																																																																																																							
1//骑兵E06																																																																																																																																																																																																																																			
	0	,	1	,	4	,	0	,	1	,	2	,	2	,	0	,	0	,	100	,	20	,	0	,	-1	,	0	//普通攻击																																																																																																																																																																																																							
1//谋士E07																																																																																																																																																																																																																																			
	0	,	1	,	4	,	0	,	0	,	0	,	2	,	1	,	0	,	100	,	20	,	0	,	-1	,	0	//普通攻击																																																																																																																																																																																																							
1//投石车E08																																																																																																																																																																																																																																			
	0	,	1	,	4	,	0	,	0	,	0	,	0	,	0	,	1	,	80	,	10	,	0	,	-1	,	0	//普通攻击																																																																																																																																																																																																							
1//投石车E09																																																																																																																																																																																																																																			
	0	,	1	,	4	,	0	,	0	,	0	,	0	,	0	,	1	,	80	,	10	,	0	,	-1	,	0	//普通攻击																																																																																																																																																																																																							
4//周瑜B03																																																																																																																																																																																																																																			
	0	,	1	,	4	,	0	,	1	,	1	,	0	,	0	,	1	,	120	,	16	,	0	,	-1	,	0	//普通攻击1																																																																																																																																																																																																							
	1	,	1	,	6	,	0	,	2	,	3	,	3	,	0	,	1	,	120	,	16	,	0	,	-1	,	0	//普通攻击2																																																																																																																																																																																																							
	2	,	1	,	7	,	0	,	0	,	0	,	0	,	0	,	1	,	120	,	10	,	0	,	-1	,	0	//普通攻击3																																																																																																																																																																																																							
	3	,	1	,	8	,	0	,	0	,	0	,	0	,	0	,	1	,	120	,	10	,	0	,	-1	,	0	//爆炸																																																																																																																																																																																																							
2//小乔B04																																																																																																																																																																																																																																			
	0	,	1	,	4	,	0	,	1	,	0	,	0	,	0	,	0	,	90	,	5	,	0	,	-1	,	0	//1连击攻击																																																																																																																																																																																																							
	1	,	2	,	5	,	0	,	1	,	1	,	1	,	0	,	1	,	80	,	5	,	0	,	-1	,	0	,	7	,	0	,	1	,	1	,	1	,	0	,	1	,	80	,	5	,	0	,	-1	,	0	//技能结尾																																																																																																																																																																															
6//司马懿B05																																																																																																																																																																																																																																			
	0	,	1	,	4	,	0	,	1	,	1	,	1	,	0	,	1	,	80	,	30	,	0	,	-1	,	0	//普通攻击1-发射旋风小																																																																																																																																																																																																							
	1	,	1	,	5	,	0	,	2	,	1	,	1	,	0	,	1	,	100	,	30	,	0	,	-1	,	0	//普通攻击2-发射旋风小																																																																																																																																																																																																							
	2	,	1	,	8	,	0	,	1	,	0	,	0	,	1	,	1	,	80	,	30	,	0	,	-1	,	0	//旋风小																																																																																																																																																																																																							
	3	,	1	,	9	,	0	,	2	,	2	,	1	,	1	,	1	,	100	,	60	,	0	,	-1	,	0	//旋风大																																																																																																																																																																																																							
	4	,	1	,	10	,	0	,	0	,	0	,	0	,	1	,	1	,	80	,	15	,	0	,	-1	,	0	//鬼爪																																																																																																																																																																																																							
	5	,	1	,	11	,	0	,	0	,	0	,	0	,	1	,	1	,	80	,	15	,	0	,	-1	,	0	//发射鬼爪																																																																																																																																																																																																							
2//甄姬B06																																																																																																																																																																																																																																			
	0	,	1	,	4	,	0	,	1	,	1	,	0	,	0	,	1	,	120	,	15	,	0	,	-1	,	0	//普通攻击1																																																																																																																																																																																																							
	1	,	2	,	5	,	0	,	1	,	1	,	0	,	0	,	1	,	0	,	16	,	0	,	-1	,	0	,	6	,	0	,	1	,	1	,	0	,	0	,	1	,	7	,	16	,	0	,	-1	,	0	//加血2																																																																																																																																																																															
4//曹操B07																																																																																																																																																																																																																																			
	0	,	1	,	4	,	0	,	1	,	2	,	2	,	0	,	1	,	80	,	20	,	0	,	-1	,	0	//普通攻击																																																																																																																																																																																																							
	1	,	1	,	6	,	0	,	1	,	1	,	1	,	1	,	1	,	80	,	20	,	0	,	-1	,	0	//范围攻击																																																																																																																																																																																																							
	2	,	1	,	11	,	0	,	1	,	1	,	1	,	1	,	1	,	80	,	30	,	0	,	-1	,	0	//远程攻击																																																																																																																																																																																																							
	3	,	9	,	7	,	0	,	0	,	0	,	1	,	0	,	1	,	50	,	5	,	0	,	-1	,	0	,	8	,	0	,	2	,	3	,	2	,	0	,	1	,	80	,	80	,	0	,	-1	,	0	,	8	,	0	,	2	,	3	,	2	,	0	,	1	,	80	,	80	,	0	,	-1	,	0	,	8	,	0	,	2	,	3	,	2	,	0	,	1	,	80	,	80	,	0	,	-1	,	0	,	8	,	0	,	2	,	3	,	2	,	0	,	1	,	80	,	80	,	0	,	-1	,	0	,	8	,	0	,	2	,	3	,	2	,	0	,	1	,	80	,	80	,	0	,	-1	,	0	,	8	,	0	,	2	,	3	,	2	,	0	,	1	,	80	,	80	,	0	,	-1	,	0	,	8	,	0	,	2	,	3	,	2	,	0	,	1	,	80	,	80	,	0	,	-1	,	0	,	9	,	0	,	2	,	2	,	2	,	1	,	1	,	150	,	40	,	0	,	-1	,	0	//反击收尾							
