xinxi																																																																																																																																																																																																																																																												
6//刘备Z00																																																																																																																																																																																																																																																									
	0	,	3	,	4	,	0	,	0	,	1	,	1	,	0	,	0	,	70	,	10	,	0	,	-1	,	0	,	5	,	0	,	1	,	1	,	0	,	0	,	0	,	90	,	20	,	0	,	-1	,	0	,	6	,	0	,	1	,	0	,	0	,	0	,	0	,	80	,	2	,	0	,	-1	,	0	//3连击攻击																																																																																																																																																																													
	1	,	1	,	7	,	0	,	0	,	0	,	1	,	1	,	0	,	110	,	20	,	0	,	-1	,	0	//特效攻击																																																																																																																																																																																																																													
	2	,	1	,	8	,	0	,	2	,	2	,	2	,	0	,	0	,	60	,	16	,	0	,	-1	,	0	//技能起式																																																																																																																																																																																																																													
	3	,	1	,	9	,	0	,	0	,	0	,	0	,	0	,	0	,	60	,	16	,	0	,	-1	,	0	//技能攻击																																																																																																																																																																																																																													
	4	,	1	,	10	,	0	,	0	,	0	,	0	,	0	,	0	,	100	,	16	,	0	,	-1	,	0	//技能收尾																																																																																																																																																																																																																													
	5	,	1	,	12	,	0	,	0	,	0	,	0	,	0	,	0	,	70	,	16	,	0	,	-1	,	0	//蓄力攻击																																																																																																																																																																																																																													
4//赵云Z01																																																																																																																																																																																																																																																									
	0	,	3	,	4	,	0	,	1	,	1	,	0	,	0	,	0	,	55	,	16	,	0	,	-1	,	0	,	5	,	0	,	0	,	1	,	0	,	0	,	0	,	65	,	16	,	0	,	-1	,	0	,	6	,	0	,	1	,	2	,	0	,	0	,	0	,	75	,	20	,	0	,	-1	,	0	//3连击攻击																																																																																																																																																																													
	1	,	1	,	11	,	0	,	1	,	1	,	0	,	0	,	1	,	75	,	16	,	0	,	-1	,	0	//蓄力攻击																																																																																																																																																																																																																													
	2	,	1	,	8	,	0	,	1	,	0	,	1	,	0	,	1	,	90	,	20	,	1	,	-1	,	0	//技能攻击																																																																																																																																																																																																																													
	3	,	1	,	9	,	0	,	2	,	4	,	4	,	0	,	1	,	80	,	20	,	0	,	-1	,	0	//技能收尾																																																																																																																																																																																																																													
6//孙尚香Z02																																																																																																																																																																																																																																																									
	0	,	4	,	4	,	0	,	1	,	0	,	0	,	0	,	0	,	40	,	0	,	0	,	-1	,	0	,	4	,	0	,	1	,	0	,	0	,	0	,	0	,	40	,	0	,	0	,	-1	,	0	,	4	,	0	,	1	,	0	,	0	,	0	,	0	,	40	,	0	,	0	,	-1	,	0	,	5	,	0	,	2	,	1	,	0	,	0	,	0	,	70	,	0	,	0	,	-1	,	0	//4连击攻击																																																																																																																																																					
	1	,	5	,	7	,	0	,	1	,	0	,	0	,	0	,	0	,	100	,	0	,	0	,	-1	,	0	,	7	,	0	,	1	,	0	,	0	,	0	,	0	,	100	,	0	,	0	,	-1	,	0	,	7	,	0	,	1	,	0	,	0	,	0	,	0	,	100	,	0	,	0	,	-1	,	0	,	7	,	0	,	1	,	0	,	0	,	0	,	0	,	100	,	0	,	0	,	-1	,	0	,	8	,	0	,	2	,	3	,	3	,	0	,	0	,	140	,	0	,	0	,	-1	,	0	,//技能1级																																																																																																																													
	2	,	6	,	7	,	0	,	1	,	0	,	0	,	0	,	0	,	100	,	0	,	0	,	-1	,	0	,	7	,	0	,	1	,	0	,	0	,	0	,	0	,	100	,	0	,	0	,	-1	,	0	,	7	,	0	,	1	,	0	,	0	,	0	,	0	,	100	,	0	,	0	,	-1	,	0	,	7	,	0	,	1	,	0	,	0	,	0	,	0	,	100	,	0	,	0	,	-1	,	0	,	8	,	0	,	2	,	3	,	3	,	0	,	0	,	140	,	0	,	0	,	-1	,	0	,	8	,	0	,	2	,	3	,	3	,	0	,	0	,	140	,	0	,	0	,	-1	,	0	,//技能2级																																																																																																					
	3	,	7	,	7	,	0	,	1	,	0	,	0	,	0	,	0	,	100	,	0	,	0	,	-1	,	0	,	7	,	0	,	1	,	0	,	0	,	0	,	0	,	100	,	0	,	0	,	-1	,	0	,	7	,	0	,	1	,	0	,	0	,	0	,	0	,	100	,	0	,	0	,	-1	,	0	,	7	,	0	,	1	,	0	,	0	,	0	,	0	,	100	,	0	,	0	,	-1	,	0	,	7	,	0	,	1	,	0	,	0	,	0	,	0	,	100	,	0	,	0	,	-1	,	0	,	8	,	0	,	2	,	3	,	3	,	0	,	0	,	140	,	0	,	0	,	-1	,	0	,	8	,	0	,	2	,	3	,	3	,	0	,	0	,	140	,	0	,	0	,	-1	,	0	,//技能3级																																																																													
	4	,	8	,	7	,	0	,	1	,	0	,	0	,	0	,	0	,	100	,	0	,	0	,	-1	,	0	,	7	,	0	,	1	,	0	,	0	,	0	,	0	,	100	,	0	,	0	,	-1	,	0	,	7	,	0	,	1	,	0	,	0	,	0	,	0	,	100	,	0	,	0	,	-1	,	0	,	7	,	0	,	1	,	0	,	0	,	0	,	0	,	100	,	0	,	0	,	-1	,	0	,	7	,	0	,	1	,	0	,	0	,	0	,	0	,	100	,	0	,	0	,	-1	,	0	,	7	,	0	,	1	,	0	,	0	,	0	,	0	,	100	,	0	,	0	,	-1	,	0	,	8	,	0	,	2	,	3	,	3	,	0	,	0	,	140	,	0	,	0	,	-1	,	0	,	8	,	0	,	2	,	3	,	3	,	0	,	0	,	140	,	0	,	0	,	-1	,	0	,//技能4级																																																					
	5	,	10	,	7	,	0	,	1	,	0	,	0	,	0	,	0	,	100	,	0	,	0	,	-1	,	0	,	7	,	0	,	1	,	0	,	0	,	0	,	0	,	100	,	0	,	0	,	-1	,	0	,	7	,	0	,	1	,	0	,	0	,	0	,	0	,	100	,	0	,	0	,	-1	,	0	,	7	,	0	,	1	,	0	,	0	,	0	,	0	,	100	,	0	,	0	,	-1	,	0	,	7	,	0	,	1	,	0	,	0	,	0	,	0	,	100	,	0	,	0	,	-1	,	0	,	7	,	0	,	1	,	0	,	0	,	0	,	0	,	100	,	0	,	0	,	-1	,	0	,	7	,	0	,	1	,	0	,	0	,	0	,	0	,	100	,	0	,	0	,	-1	,	0	,	7	,	0	,	1	,	0	,	0	,	0	,	0	,	100	,	0	,	0	,	-1	,	0	,	8	,	0	,	2	,	3	,	3	,	0	,	0	,	140	,	0	,	0	,	-1	,	0	,	8	,	0	,	2	,	3	,	3	,	0	,	0	,	140	,	0	,	0	,	-1	,	0	,//技能5级					
4//周瑜Z03																																																																																																																																																																																																																																																									
	0	,	4	,	6	,	0	,	1	,	4	,	5	,	0	,	0	,	100	,	60	,	0	,	-1	,	0	,	4	,	0	,	1	,	1	,	0	,	0	,	0	,	70	,	16	,	0	,	-1	,	0	,	5	,	0	,	1	,	1	,	0	,	0	,	0	,	70	,	16	,	0	,	-1	,	0	,	7	,	0	,	1	,	1	,	0	,	0	,	0	,	120	,	20	,	0	,	-1	,	0	//4连击攻击																																																																																																																																																					
	1	,	1	,	10	,	0	,	2	,	1	,	0	,	0	,	0	,	100	,	20	,	0	,	-1	,	0	//蓄力攻击																																																																																																																																																																																																																													
	2	,	1	,	13	,	0	,	2	,	1	,	0	,	0	,	0	,	200	,	20	,	0	,	-1	,	0	//技能收尾攻击																																																																																																																																																																																																																													
	3	,	1	,	14	,	0	,	2	,	1	,	0	,	0	,	0	,	120	,	20	,	0	,	-1	,	0	//爆炸攻击																																																																																																																																																																																																																													
4//小乔Z04																																																																																																																																																																																																																																																									
	0	,	1	,	4	,	0	,	1	,	0	,	0	,	0	,	0	,	28	,	0	,	0	,	-1	,	0	//1连击攻击																																																																																																																																																																																																																													
	1	,	1	,	5	,	0	,	1	,	1	,	1	,	0	,	1	,	30	,	10	,	0	,	-1	,	0	//技能开始																																																																																																																																																																																																																													
	2	,	1	,	6	,	0	,	1	,	1	,	1	,	0	,	1	,	30	,	10	,	0	,	-1	,	0	//技能持续																																																																																																																																																																																																																													
	3	,	1	,	7	,	0	,	1	,	1	,	1	,	0	,	1	,	40	,	10	,	0	,	-1	,	0	//技能结尾																																																																																																																																																																																																																													
7//司马懿Z05																																																																																																																																																																																																																																																									
	0	,	1	,	4	,	0	,	1	,	0	,	0	,	1	,	0	,	20	,	30	,	0	,	-1	,	0	//普通攻击4-发射出来的小风																																																																																																																																																																																																																													
	1	,	1	,	9	,	0	,	2	,	0	,	1	,	1	,	0	,	120	,	10	,	0	,	-1	,	0	//蓄力攻击7-出来的大风																																																																																																																																																																																																																													
	2	,	1	,	10	,	0	,	2	,	1	,	1	,	1	,	1	,	210	,	0	,	0	,	-1	,	0	//技能攻击5-出来的手																																																																																																																																																																																																																													
	3	,	1	,	10	,	0	,	2	,	1	,	1	,	1	,	1	,	240	,	0	,	0	,	-1	,	0	//技能攻击5-出来的手																																																																																																																																																																																																																													
	4	,	1	,	10	,	0	,	2	,	1	,	1	,	1	,	1	,	270	,	0	,	0	,	-1	,	0	//技能攻击5-出来的手																																																																																																																																																																																																																													
	5	,	1	,	10	,	0	,	2	,	1	,	1	,	1	,	1	,	300	,	0	,	0	,	-1	,	0	//技能攻击5-出来的手																																																																																																																																																																																																																													
	6	,	1	,	10	,	0	,	2	,	1	,	1	,	1	,	1	,	360	,	0	,	0	,	-1	,	0	//技能攻击5-出来的手																																																																																																																																																																																																																													
7//甄姬Z06																																																																																																																																																																																																																																																									
	0	,	1	,	4	,	0	,	1	,	1	,	0	,	0	,	0	,	70	,	20	,	0	,	-1	,	0	//5连击攻击																																																																																																																																																																																																																													
	1	,	1	,	6	,	0	,	1	,	1	,	0	,	0	,	0	,	8	,	20	,	0	,	-1	,	0	//蓄力攻击																																																																																																																																																																																																																													
	2	,	1	,	7	,	0	,	1	,	1	,	0	,	0	,	0	,	60	,	20	,	0	,	-1	,	60	//技能攻击																																																																																																																																																																																																																													
	3	,	1	,	7	,	0	,	1	,	1	,	0	,	0	,	0	,	80	,	20	,	0	,	-1	,	80	//技能攻击																																																																																																																																																																																																																													
	4	,	1	,	7	,	0	,	1	,	1	,	0	,	0	,	0	,	100	,	20	,	0	,	-1	,	100	//技能攻击																																																																																																																																																																																																																													
	5	,	1	,	7	,	0	,	1	,	1	,	0	,	0	,	0	,	120	,	20	,	0	,	-1	,	120	//技能攻击																																																																																																																																																																																																																													
	6	,	1	,	7	,	0	,	1	,	1	,	0	,	0	,	0	,	160	,	20	,	0	,	-1	,	160	//技能攻击																																																																																																																																																																																																																													
5//曹操Z07																																																																																																																																																																																																																																																									
	0	,	3	,	4	,	0	,	1	,	3	,	3	,	0	,	0	,	120	,	20	,	0	,	-1	,	0	,	5	,	0	,	1	,	3	,	3	,	0	,	0	,	120	,	30	,	0	,	-1	,	0	,	6	,	0	,	1	,	2	,	0	,	1	,	1	,	100	,	3	,	0	,	-1	,	0	//3连击攻击																																																																																																																																																																													
	1	,	1	,	11	,	0	,	2	,	1	,	2	,	1	,	1	,	150	,	30	,	0	,	-1	,	0	//蓄力攻击																																																																																																																																																																																																																													
	2	,	1	,	8	,	0	,	2	,	1	,	1	,	0	,	1	,	100	,	5	,	0	,	-1	,	0	//技能攻击																																																																																																																																																																																																																													
	3	,	1	,	9	,	0	,	2	,	1	,	1	,	0	,	1	,	80	,	5	,	0	,	-1	,	0	//技能收尾																																																																																																																																																																																																																													
	4	,	1	,	12	,	0	,	1	,	0	,	0	,	1	,	1	,	80	,	0	,	0	,	-1	,	0	//特效攻击																																																																																																																																																																																																																													
1//换人HU																																																																																																																																																																																																																																																									
	0	,	1	,	0	,	0	,	2	,	1	,	0	,	1	,	0	,	1	,	25	,	0	,	-1	,	0	//蓄力攻击																																																																																																																																																																																																																													
1//牛SM																																																																																																																																																																																																																																																									
	0	,	1	,	0	,	0	,	1	,	0	,	1	,	1	,	0	,	100	,	40	,	0	,	-1	,	0	//蓄力攻击																																																																																																																																																																																																																													
